-1.0 -1.0 1.0 0.8660254037844386468 0 a
1.0 1.0 1.0 0.8660254037844386468 0 b
-1.0 1.0 -1.0 0.8660254037844386468 0 c
1.0 -1.0 -1.0 0.8660254037844386468 0 d
0 0 0 0.8660254037844386468 1 sub
0 0 0 2.5980762113533159403 1 sub
-0.6428571428571428572 0.6428571428571428572 -0.6428571428571428572 1.4846149779161805372 1 sub
1.5 -1.5 1.5 3.464101615137754587 1 sub
0.6428571428571428572 -0.6428571428571428572 -0.6428571428571428572 1.4846149779161805372 1 sub
-1.5 1.5 1.5 3.464101615137754587 1 sub
0 0 -2.5980762113533159403 3.0 1 sub
0 0 2.5980762113533159403 3.0 1 sub
-0.6428571428571428572 -0.6428571428571428572 0.6428571428571428572 1.4846149779161805372 1 sub
1.5 1.5 -1.5 3.464101615137754587 1 sub
-2.5980762113533159403 0 0 3.0 1 sub
2.5980762113533159403 0 0 3.0 1 sub
0 -2.5980762113533159403 0 3.0 1 sub
0 2.5980762113533159403 0 3.0 1 sub
-1.5 -1.5 -1.5 3.464101615137754587 1 sub
0.6428571428571428572 0.6428571428571428572 0.6428571428571428572 1.4846149779161805372 1 sub
